      N = [0.34805185628969e3,-0.11671859879975e1,...
          0.10192970039326e-2,0.57254459862746e3,0.13918839778870e2];
      