      N = [-8.32044648201D0,6.6832105268D0,3.00632D0,...
       0.012436D0,0.97315D0,1.2795D0,0.96956D0,0.24873D0];
      G = [ 0.0D0, 0.0D0, 0.0D0, 1.28728967D0,...
       3.53734222D0,7.74073708D0,9.24437796D0,27.5075105D0];