	I = [-1.5D0, -1.5D0,-1.5D0,-1.5D0,-1.5D0,-1.5D0, -1.25D0,...
      -1.25D0,-1.25D0,-1.0D0,-1.0D0,-1.0D0,-1.0D0,-1.0D0, -1.0D0,...
      -0.75D0,-0.75D0,-0.5D0,-0.5D0,-0.5D0,-0.5D0,-0.25D0,-0.25D0,...
      -0.25D0,-0.25D0, 0.25D0,0.25D0,0.25D0,0.25D0,0.5D0,  0.5D0,...
       0.5D0,  0.5D0,  0.5D0, 0.5D0, 0.5D0, 0.75D0,0.75D0, 0.75D0,...
       0.75D0, 1.0D0,  1.0D0, 1.25D0,1.25D0,1.5D0, 1.5D0];
	J = [-24,-23,-19,-13,-11,-10,-19,-15,-6,-26,-21,-17,-16,-9,...
	 -8,-15,-14,-26,-13,-9,-7,-27,-25,-11,-6,1,4,8,11,0,1,5,6,10,...
     14,16,0,4,9,17,7,18,3,15,5,18];
    N = [-0.39235983861984D6,0.51526573827270D6,...
      0.40482443161048D5, -0.32193790923902D3, 0.96961424218694D2,...
	 -0.22867846371773D2, -0.44942914124357D6,-0.50118336020166D4,...
      0.35684463560015D0,  0.44235335848190D5,-0.13673388811708D5,...
	  0.42163260207864D6,  0.22516925837475D5, 0.47442144865646D3,...
     -0.14931130797647D3,-0.19781126320452D6,-0.23554399470760D5,...
	 -0.19070616302076D5,  0.55375669883164D5, 0.38293691437363D4,...
	-0.60391860580567D3,  0.19363102620331D4, 0.42660643698610D4,...
	-0.59780638872718D4, -0.70401463926862D3, 0.33836784107553D3,...
	 0.20862786635187D2,  0.33834172656196D-1,-0.43124428414893D-4,...
	 0.16653791356412D3, -0.13986292055898D3, -0.78849547999872D0,...
	 0.72132411753872D-1,-0.59754839398283D-2,-0.12141358953904D-4,...
	 0.23227096733871D-6,-0.10538463566194D2,  0.20718925496502D1,...
	-0.72193155260427D-1, 0.20749887081120D-6,-0.18340657911379D-1,...
	 0.29036272348696D-6, 0.21037527893619D0,  0.25681239729999D-3,...
	-0.12799002933781D-1,-0.82198102652018D-5];