 I = [0,0,0,0,0,0,1,1,1,1,1,1,1,1,1,2,2,2,2,2,2,2,2,...
	  3,3,4,4,4,5,5,5,6,6,7];
 J = [0,1,2,3,7,20,0,1,2,3,7,9,11,18,44,0,2,7,36,38,40,42,44,...
	 24,44,12,32,44,32,36,42,34,44,28];
 N = [0.10898952318288D4, 0.84951654495535D3,...
	-0.10781748091826D3,  0.33153654801263D2, -0.74232016790248D1,...
	 0.11765048724356D2,  0.18445749355790D1, -0.41792700549624D1,...
	 0.62478196935812D1, -0.17344563108114D2, -0.20058176862096D3,...
	 0.27196065473796D3, -0.45511318285818D3,  0.30919688604755D4,...
	 0.25226640357872D6, -0.61707422868339D-2,-0.31078046629583D0,...
	 0.11670873077107D2,  0.12812798404046D9, -0.98554909623276D9,...
     0.28224546973002D10,-0.35948971410703D10, 0.17227349913197D10,...
	-0.13551334240775D5,  0.12848734664650D8,  0.13865724283226D1,...
	 0.23598832556514D6, -0.13105236545054D8,  0.73999835474766D4,...
	-0.55196697030060D6,  0.37154085996233D7,  0.19127729239660D5,...
	-0.41535164835634D6, -0.62459855192507D2];