	N = [-0.12563183589592D-3, 0.21774678714571D-2,...
	 -0.45942820899910D-2, -0.39724828359569D-5,0.12919228289784D-6];
	I = [1,1,1,2,3 ];
	J = [0,1,3,9,3 ];