 N = [-0.73362260186506D-2, -0.88223831943146D-1,...
	 -0.72334555213245D-1, -0.40813178534455D-2,  0.20097803380207D-2,...
	 -0.53045921898642D-1, -0.76190409086970D-2, -0.63498037657313D-2,...
	 -0.86043093028588D-1,  0.75321581522770D-2, -0.79238375446139D-2,...
	 -0.22888160778447D-3, -0.26456501482810D-2];
 J = [0,2,5,11,1,7,16,4,16,7,10,9,10];
 I = [1,1,1,1,2,2,2,3,3,4,4,5,5];