 N =[0.11670521452767D4,-0.72421316703206D6,...
	 -0.17073846940092D2, 0.12020824702470D5,-0.32325550322333D7,...
	  0.14915108613530D2,-0.48232657361591D4, 0.40511340542057D6,...
	 -0.23855557567849D0, 0.65017534844798D3];