    I = [-2,-2,-1,0,0,0,0,1,1,1,1,2,2,2,3,3,3,4,4,4,5,5,5,...
	  6,6,7,7,7,7,7];
    J = [0,1,0,0,1,2,3,0,1,3,4,0,1,2,0,1,5,0,1,4,0,1,...
      2,0,1,0,1,3,4,5];
	N = [0.90968501005365D3,0.24045667088420D4,...
      -0.59162326387130D3,   0.54145404128074D3, -0.27098308411192D3,...
       0.97976525097926D3,  -0.46966772959435D3,  0.14399274604723D2,...
      -0.19104204230429D2,   0.53299167111971D1, -0.21252975375934D2,...
      -0.31147334413760D0,   0.60334840894623D0, -0.42764839702509D-1,...
       0.58185597255259D-2, -0.14597008284753D-1, 0.56631175631027D-2,...
      -0.76155864584577D-4,  0.22440342919332D-3,-0.12561095013413D-4,...
       0.63323132660934D-6, -0.20541989675375D-5, 0.36405370390082D-7,...
      -0.29759897789215D-8,  0.10136618529763D-7, 0.59925719692351D-11,...
      -0.20677870105164D-10,-0.20874278181886D-10,0.10162166825089D-9,...
      -0.16429828281347D-9];