 I = [ 0,0,0,0,0,0,1,1,1,1,1,1,1,2,2,3,3,4,5,6 ];
 J = [0,1,2,6,22,32,0,1,2,3,4,10,32,10,32,10,32,32,32,32];
 DN = [-0.23872489924521D3, 0.40421188637945D3,... 
 	    0.11349746881718D3, -0.58457616048039D1,  -0.15285482413140D-3,...
	   -0.10866707695377D-5,-0.13391744872602D2,   0.43211039183559D2,...
	   -0.54010067170506D2,  0.30535892203916D2,  -0.65964749423638D1,...
	    0.93965400878363D-2, 0.11573647505340D-6, -0.25858641282073D-4,...
	   -0.40644363084799D-8, 0.66456186191635D-7,  0.80670734103027D-10,...
	   -0.93477771213947D-12,0.58265442020601D-14,-0.15020185953503D-16];