I = [-7,-7,-6,-6,-5,-5,-2,-2,-1,-1,0,0,1,1,2,6,6,6,6,6,6,6,6];
J = [0,4,0,2,0,2,0,1,0,2,0,1,4,8,4,0,1,4,10,12,16,20,22];
N = [-0.32368398555242D13, 0.73263350902181D13,...
     0.35825089945447D12, -0.58340131851590D12, -0.10783068217470D11,...
	 0.20825544563171D11,  0.61074783564516D6,   0.85977722535580D6,...
	-0.25745723604170D5,   0.31081088422714D5,   0.12082315865936D4,...
	 0.48219755109255D3,   0.37966001272486D1,  -0.10842984880077D2,...
	-0.45364172676660D-1,  0.14559115658698D-12, 0.11261597407230D-11,...
	-0.17804982240686D-10, 0.12324579690832D-6, -0.11606921130984D-5,...
	 0.27846367088554D-4, -0.59270038474176D-3,  0.12918582991878D-2];