N = [-0.13179983674201D2, 0.68540841634434D1, ...
	 -0.24805148933466D-1, 0.36901534980333D0, -0.31161318213925D1,...
	 -0.32961626538917D0];