I = [0,0,0,0,0,0,1,1,1,1,1,1,2,2,2,2,2,3,3,4];
J = [0,1,2,3,11,31,0,1,2,3,12,31,0,1,2,9,31,10,32,32];
DN = [0.17478268058307D3, 0.34806930892873D2,...
	 0.65292584978455D1,   0.33039981775489D0,  -0.19281382923196D-6,...
	-0.24909197244573D-22,-0.26107636489332D0,   0.22592965981586D0,...
	-0.64256463395226D-1,  0.78876289270526D-2,  0.35672110607366D-9,...
	 0.17332496994895D-23, 0.56608900654837D-3, -0.32635483139717D-3,...
	 0.44778286690632D-4, -0.51322156908507D-9, -0.42522657042207D-25,...
	 0.26400441360689D-12, 0.78124600459723D-28,-0.30732199903668D-30];