 DN2 = [-0.96927686500217D1, 0.10086655968018D2, ...
	 -0.56087911283020D-2, 0.71452738081455D-1, -0.40710498223928D0,...
	  0.14240819171444D1 ,-0.43839511319450D1 , -0.28408632460772D0,...
	  0.21268463753307D-1];
 J2 = [0, 1, -5, -4, -3, -2, -1, 2, 3 ];