	I = [-6,-6,-5,-5,-4,-4,-4,-3,-3,-3,-3,-2,-2,-2,-2,-1,-1,-1,-1,...
      -1,0,0,0,0,0,0,0,1,1,1,1,1,1,2,2,2,3,3,3,4,4,5,5,5];
	J = [0,11,0,11,0,1,11,0,1,11,12,0,1,6,10,0,1,5,8,9,0,1,2,4,5,...
	   6,9,0,1,2,3,7,8,0,1,5,0,1,3,0,1,0,1,2];
	N = [0.31687665083497D6,0.20864175881858D2,...
	  -0.39859399803599D6, -0.21816058518877D2,  0.22369785194242D6,...
      -0.27841703445817D4,  0.99207436071480D1, -0.75197512299157D5,...
       0.29708605951158D4, -0.34406878548526D1,  0.38815564249115D0,...
       0.17511295085750D5, -0.14237112854449D4,  0.10943803364167D1,...
       0.89971619308495D0, -0.33759740098958D4,  0.47162885818355D3,...
      -0.19188241993679D1,  0.41078580492196D0, -0.33465378172097D0,...
       0.13870034777505D4, -0.40663326195838D3,  0.41727347159610D2,...
       0.21932549434532D1, -0.10320050009077D1,  0.35882943516703D0,...
       0.52511453726066D-2, 0.12838916450705D2, -0.28642437219381D1,...
       0.56912683664855D0, -0.99962954584931D-1,-0.32632037778459D-2,...
       0.23320922576723D-3,-0.15334809857450D0,  0.29072288239902D-1,...
       0.37534702741167D-3, 0.17296691702411D-2,-0.38556050844504D-3,...
      -0.35017712292608D-4,-0.14566393631492D-4, 0.56420857267269D-5,...
       0.41286150074605D-7,-0.20684671118824D-7, 0.16409393674725D-8];