      N = [0.12533547935523D-1, 0.78957634722828D+1,...
      -0.87803203303561D+1,  0.31802509345418D+0,...
      -0.26145533859358D+0, -0.78199751687981D-2,...
       0.88089493102134D-2, -0.66856572307965D+0,...
       0.20433810950965D+0, -0.66212605039687D-4, ...
      -0.19232721156002D+0, -0.25709043003438D+0,...
       0.16074868486251D+0, -0.40092828925807D-1,...
       0.39343422603254D-6, -0.75941377088144D-5, ...
       0.56250979351888D-3, -0.15608652257135D-4,...
       0.11537996422951D-8,  0.36582165144204D-6,...
      -0.13251180074668D-11,-0.62639586912454D-9, ...
      -0.10793600908932D+0,  0.17611491008752D-1, ...
       0.22132295167546D+0, -0.40247669763528D+0,...
       0.58083399985759D+0,  0.49969146990806D-2,...
      -0.31358700712549D-1, -0.74315929710341D+0,...
       0.47807329915480D+0,  0.20527940895948D-1, ...
      -0.13636435110343D+0,  0.14180634400617D-1, ...
       0.83326504880713D-2, -0.29052336009585D-1, ...
       0.38615085574206D-1, -0.20393486513704D-1,...
      -0.16554050063734D-2,  0.19955571979541D-2,...
       0.15870308324157D-3, -0.16388568342530D-4, ...
       0.43613615723811D-1,  0.34994005463765D-1,...
      -0.76788197844621D-1,  0.22446277332006D-1,...
      -0.62689710414685D-4, -0.55711118565645D-9,...
      -0.19905718354408D+0,  0.31777497330738D+0, ...
      -0.11841182425981D+0, -0.31306260323435D+2,...
       0.31546140237781D+2, -0.25213154341695D+4,...
      -0.14874640856724D+0,  0.31806110878444D+0];
      A = [0.0D0, 0.0D0, 0.0D0, 0.0D0, 0.0D0, 0.0D0, 0.0D0, 1.0D0,...
       1.0D0, 1.0D0, 1.0D0, 1.0D0, 1.0D0, 1.0D0, 1.0D0, 1.0D0, 1.0D0, ...
       1.0D0, 1.0D0, 1.0D0, 1.0D0, 1.0D0, 2.0D0, 2.0D0, 2.0D0, 2.0D0, ...
       2.0D0, 2.0D0, 2.0D0, 2.0D0, 2.0D0, 2.0D0, 2.0D0, 2.0D0, 2.0D0, ...
       2.0D0, 2.0D0, 2.0D0, 2.0D0, 2.0D0, 2.0D0, 2.0D0, 3.0D0, 3.0D0,...
       3.0D0, 3.0D0, 4.0D0, 6.0D0, 6.0D0, 6.0D0, 6.0D0, 0.0D0, 0.0D0, ...
       0.0D0, 3.5D0, 3.5D0];
       B = [ 1.0D0, 1.0D0, 1.0D0, 2.0D0, 2.0D0, 3.0D0, 4.0D0, 1.0D0,...
       1.0D0, 1.0D0, 2.0D0, 2.0D0, 3.0D0, 4.0D0, 4.0D0, 5.0D0, 7.0D0,...
       9.0D0, 10.0D0, 11.0D0, 13.0D0, 15.0D0, 1.0D0, 2.0D0, 2.0D0, ...
       2.0D0, 3.0D0, 4.0D0, 4.0D0, 4.0D0, 5.0D0, 6.0D0, 6.0D0, 7.0D0, ...
       9.0D0, 9.0D0, 9.0D0, 9.0D0, 9.0D0, 10.0D0, 10.0D0, 12.0D0,...
       3.0D0, 4.0D0, 4.0D0, 5.0D0, 14.0D0, 3.0D0, 6.0D0, 6.0D0,...
       6.0D0, 3.0D0, 3.0D0, 3.0D0, 0.85D0, 0.95D0];
       C = [ -0.5D0, 0.875D0, 1.0D0, 0.5D0, 0.75D0, 0.375D0, 1.0D0, ...
       4.0D0, 6.0D0, 12.0D0, 1.0D0, 5.0D0, 4.0D0, 2.0D0, 13.0D0, 9.0D0,...
       3.0D0, 4.0D0, 11.0D0, 4.0D0, 13.0D0, 1.0D0, 7.0D0, 1.0D0, 9.0D0,...
      10.0D0, 10.0D0, 3.0D0, 7.0D0, 10.0D0, 10.0D0, 6.0D0, 10.0D0,...
      10.0D0, 1.0D0, 2.0D0, 3.0D0, 4.0D0, 8.0D0, 6.0D0, 9.0D0, 8.0D0,...
      16.0D0, 22.0D0, 23.0D0, 23.0D0, 10.0D0, 50.0D0, 44.0D0, 46.0D0,...
      50.0D0, 0.0D0, 1.0D0, 4.0D0, 0.2D0, 0.2D0];
       D = [ 0.0D0, 0.0D0, 0.0D0, 0.0D0, 0.0D0, 0.0D0, 0.0D0, 0.0D0,...
       0.0D0, 0.0D0, 0.0D0, 0.0D0, 0.0D0, 0.0D0, 0.0D0, 0.0D0, 0.0D0, ...
       0.0D0, 0.0D0, 0.0D0, 0.0D0, 0.0D0, 0.0D0, 0.0D0, 0.0D0, 0.0D0, ...
       0.0D0, 0.0D0, 0.0D0, 0.0D0, 0.0D0, 0.0D0, 0.0D0, 0.0D0, 0.0D0, ...
       0.0D0, 0.0D0, 0.0D0, 0.0D0, 0.0D0, 0.0D0, 0.0D0, 0.0D0, 0.0D0,...
       0.0D0, 0.0D0, 0.0D0, 0.0D0, 0.0D0, 0.0D0, 0.0D0, 20.0D0, 20.0D0,...
      20.0D0, 28.0D0, 32.0D0/
       E = [ 0.0D0, 0.0D0, 0.0D0, 0.0D0, 0.0D0, 0.0D0, 0.0D0, 0.0D0,...
       0.0D0, 0.0D0, 0.0D0, 0.0D0, 0.0D0, 0.0D0, 0.0D0, 0.0D0, 0.0D0,...
       0.0D0, 0.0D0, 0.0D0, 0.0D0, 0.0D0, 0.0D0, 0.0D0, 0.0D0, 0.0D0, ...
       0.0D0, 0.0D0, 0.0D0, 0.0D0, 0.0D0, 0.0D0, 0.0D0, 0.0D0, 0.0D0, ...
       0.0D0, 0.0D0, 0.0D0, 0.0D0, 0.0D0, 0.0D0, 0.0D0, 0.0D0, 0.0D0,...
       0.0D0, 0.0D0, 0.0D0, 0.0D0, 0.0D0, 0.0D0, 0.0D0, 150.0D0,...
       150.0D0, 250.0D0, 700.0D0, 800.0D0/
       F = [ 0.0D0, 0.0D0, 0.0D0, 0.0D0, 0.0D0, 0.0D0, 0.0D0, 0.0D0,...
       0.0D0, 0.0D0, 0.0D0, 0.0D0, 0.0D0, 0.0D0, 0.0D0, 0.0D0, 0.0D0, ...
       0.0D0, 0.0D0, 0.0D0, 0.0D0, 0.0D0, 0.0D0, 0.0D0, 0.0D0, 0.0D0,...
       0.0D0, 0.0D0, 0.0D0, 0.0D0, 0.0D0, 0.0D0, 0.0D0, 0.0D0, 0.0D0,...
       0.0D0, 0.0D0, 0.0D0, 0.0D0, 0.0D0, 0.0D0, 0.0D0, 0.0D0, 0.0D0,...
       0.0D0, 0.0D0, 0.0D0, 0.0D0, 0.0D0, 0.0D0, 0.0D0, 1.21D0, 1.21D0,...
       1.25D0, 0.32D0, 0.32D0/ 
       G = [ 0.0D0, 0.0D0, 0.0D0, 0.0D0, 0.0D0, 0.0D0, 0.0D0, 0.0D0,...
       0.0D0, 0.0D0, 0.0D0, 0.0D0, 0.0D0, 0.0D0, 0.0D0, 0.0D0, 0.0D0,...
       0.0D0, 0.0D0, 0.0D0, 0.0D0, 0.0D0, 0.0D0, 0.0D0, 0.0D0, 0.0D0,...
       0.0D0, 0.0D0, 0.0D0, 0.0D0, 0.0D0, 0.0D0, 0.0D0, 0.0D0, 0.0D0,...
       0.0D0, 0.0D0, 0.0D0, 0.0D0, 0.0D0, 0.0D0, 0.0D0, 0.0D0, 0.0D0,...
       0.0D0, 0.0D0, 0.0D0, 0.0D0, 0.0D0, 0.0D0, 0.0D0, 1.0D0, 1.0D0,...
       1.0D0, 0.3D0, 0.3D0];