 I = [0,0,0,0,0,0,0,0,1,1,1,1,1,1,1,1,2,2,2,2,3,3,3,3,...
	  4,4,4,4,4,4,5,5,5,6,7,7,9,9];
 J = [0,1,2,12,18,24,28,40,0,2,6,12,18,24,28,40,2,8,18,40,...
	  1,2,12,24,2,12,18,24,28,40,18,24,40,28,2,28,1,40];
 N = [0.14895041079516D4, 0.74307798314034D3,...
	-0.97708318797837D2,   0.24742464705674D1,  -0.63281320016026D0,...
	 0.11385952129658D1,  -0.47811863648625D0,   0.85208123431544D-2,...
	 0.93747147377932D0,   0.33593118604916D1,   0.33809355601454D1,...
	 0.16844539671904D0,   0.73875745236695D0,  -0.47128737436186D0,...
	 0.15020273139707D0,  -0.21764114219750D-2, -0.21810755324761D-1,...
	-0.10829784403677D0,  -0.46333324635812D-1,  0.71280351959551D-4,...
	 0.11032831789999D-3,  0.18955248387902D-3,  0.30891541160537D-2,...
	 0.13555504554949D-2,  0.28640237477456D-6, -0.10779857357512D-4,...
	-0.76462712454814D-4,  0.14052392818316D-4, -0.31083814331434D-4,...
	-0.10302738212103D-5,  0.28217281635040D-6,  0.12704902271945D-5,...
	 0.73803353468292D-7, -0.11030139238909D-7, -0.81456365207833D-13,...
	-0.25180545682962D-10,-0.17565233969407D-17, 0.86934156344163D-14];