N = [0.90584278514723D3,-0.67955786399241,0.12809002730136D-3...
      ,0.26526571908428D4,0.45257578905948D1];